116275390695079945
235148962103951360
461267896509661186
499595256270946326
557628352828014614
597160927510396939
602924888323260417
615966492558884887
641623191336517663
661583380349190172
692674635510186035
693657446324895847
715675224216961034
722043202881847366
722760776217133169
731079504784523284
731822179196469269
753287507608731740
765310583938613308
765551663363784735
771733958052413450
771801583159738440
773875425155350539
773879827865403413
784478667991679046
799520567286825011
801102927614705686
802575428601643088
814508808336441355
817017439455150112
824119071556763668
825754072627806263
830484879833169930
840410454441852982
853474955895373834
858370675881017375
863456125181231145
865632784621502474
869865822909243432
873116239092940802
874685755992182786
876487721672142909
880442699034021988
889566805792813097
893533584558784603
896400657320394752
899999377987371008
904889804502740992
907342820736647219
907661468470738954
914105118809526302
919938556154245182
920006916770504764
922209652983345213
923990524623470655
927681481738956871
937091090215997531
939809248681021441
940261382153199628
942866711579852820
945711371536969739
947129265789489222
947534632419733584
947857679076954112
949063727402057728
951616281348542474
955483871321948190
956803024439898182
956822446676279326
956889389554860121
957506255046463538
961915983805693982
961936294915751996
963858057169887343
964977030691184652
967588675045167155
969608568707899422
969663775387029544
972236144437776464
973753795156779028
973887233083981864
973934209586569267
974199257051578388
974663089142243368
974886372953448489
974975100719865856
974981164983001088
974986149154132010
974988795013378149
974994216939835414
974994915941568633
975024938891247616
975026549168435222
975030547342577764
975031343840915526
975037791396302948
975038089602924554
975381506589605908
975420497510666240
975599791352447026
976212641552936970
976741809264930856
976744425902473226
976955914298982402
977257953650425918
977505771585679390
977559295317114910
977994513249341450
978064029820022797
978127314766409728
978342100636684410
978395747705839706
978398106985058324
978426912403759166
978949385448726538
979199164057538570
979239661060886588
982293268610039818
982661330257457202
984710398886441010
984731255901941770
985939476192825344
986964394367934515
987049198346174534
993100938913005572
993801267438686289
995761939240198195
995896130514735246
995932298669207554
995959513234550794
999204782545846273
999404194899427399
1002554144525127710
1003276489090928701
1007520250343989309
1008024491538001920
1008780657675214929
1013058649440124960
1013409184697557042
1017080493252030474
1019738876283207741
1024750981394739241
1025046095602122832
1026609963143020555
1029678194586046464
1032225089996996669
1032714350886146109
1033058702481182731
1034552622834790510
1036316651374772284
1037146669227200512
1038182560964026449
1039191109500420177
1044004443705847888
1044149888973279233
1044623647714836484
1046800847796965406
1048195912691892234
1050674975692038145
1051826516071293009
1056855118903001119
1058068282135023677
1058637238822502460
1062708371918159872
1064324294655619153
1064645671438782624
1068275496225357834
1069725450152190044
1070797143285178368
1072516001213722624
1074656425650966529
1075051798433374328
1075486142180380824
1075776237781405836
1075776356887048272
1075776412407050290
1075776480623202344
1075776625746120805
1075776717811093606
1075776781698736229
1075777212273393716
1075817383698108436
1076291145203720242
1076533257354617033
1078701203388645436
1078716220053930105
1078753920526078053
1083691761743974411
1083833694214688929
1085913174886318191
1086312149850275940
1086416560597508316
1086558300574855219
1087035281934405726
1087054203219869776
1087270047589875753
1087423355654770819
1087639541218811974
1088096200588275743
1088802108343595119
1089191004298563717
1091442794654089286
1092851860546789468
1093332712795942932
1093739131911278704
1096455985666727938
1096569946269548564
1096915235488669746
1097196939331772557
1097973004224442389
1099401880322461839
1099427203189583932
1099694466345992273
1100666973752414258
1100702483896078357
1101500882765480018
1102249472605552762
1103315172732436541
1103397750479016016
1106349401749864460
1106628579820847175
1106932701740675102
1109471781183557663
1111055219187535872
1111055263869440061
1111055304612917249
1111071542789554239
1111071841860194345
1111323689909231638
1111695303670763622
1111749791324573767
1111942679316664342
1111980297710489640
1112847893292912710
1112896521403383808
1113142598551474256
1113460042801369108
1113587494705967184
1114160183229288528
1115251763956682863
1116373371169558569
1117284447042162688
1117545138407866449
1118635175614619790
1118988210496864377
1119421753278611567
1119570161935056997
1119586741846802494
1119591607897968760
1119646557323677788
1119903375937519716
1120107259725348945
1120371548507873370
1120397781144715384
1120686358449618974
1120692486692675615
1120742630595252234
1120825761637601331
1120826890547113994
1120827632272023583
1120835048661336094
1121144903460737095
1122336619257679882
1122878989233557524
1123611693344378960
1124018886984081560
1124387483589804073
1124862069326479543
1125065552164044820
1125065788219469864
1125066725596090448
1125069187082113186
1125069238663643187
1125069458352906280
1125376739758063616
1125884800348205179
1126103063015473172
1126542271614046228
1126768147295383593
1127684043299901622
1128068886064021676
1128803235390570546
1129164868784771072
1129559648500989992
1130239100901920819
1130660068505952276
1130747837227999242
1131544151566073876
1131655199623225457
1131655448370630706
1131655535809269981
1131655887761702983
1131656235964444742
1131657019217166407
1131664715593027636
1131984758809829406
1132035533573459998
1132035686753632368
1132035875572809939
1132036122034319521
1132036291912015962
1132036572305440799
1132036934999486464
1132316877817905252
1132317869892436039
1132318194149884015
1132318338056462367
1132319560909991956
1132319740136788048
1132319776237174925
1132320267193024644
1132320393743573054
1132321285427437659
1132321309838290995
1132321925910233129
1132323637161115758
1132324842385977466
1132348024803295374
1132353547040718848
1132622178681094255
1132644885468557333
1133079799552806983
1133362169900171326
1133447840631361679
1133885479876575312
1135648033183387761
1135802825666998322
1136747425952972891
1136793075029647561
1136973796222443630
1137458474482147428
1138549947084587119
1138857057257263127
1138917875881619627
1138932441965396182
1139573970635595808
1139578237912105081
1139579467908513892
1141077850145951855
1141363329479225515
1141404663028125797
1141462635909488733
1142761944051372064
1142865785346347038
1143118894693875824
1144007021482479708
1144380707083399408
1144388902904406066
1144389562173493400
1144394025437237328
1145386982810321118
1145403380316000396
1145704020162392218
1146146717432033330
1146169321500983417
1146459330653208767
1146836880864858242
1147286812214186034
1147430541117882389
1147522934928326666
1147835067352223774
1148208248420323348
1149080892288008323
1150002391895244891
1150017513254568016
1150786282469982269
1151482906817069167
1152376169010831390
1152530685169520731
1152592003922657361
1153091081169285240
1153630742493011978
1153748821394858148
1154748167909294120
1154756785085886545
1154831182660390984
1155578243852800030
1157107415469281342
1157658229321506836
1159817379774218303
1160159543217619164
1160260649516007595
1160392366797111306
1162722392456568874
1163149365242761426
1163150871048224788
1163213591088996522
1163447161200070766
1163944239663698000
1164643185990062110
1164668659709521953
1165666202471899199
1166433689429885014
1166451173478367242
1166919799264251936
1167036395542548500
1167209308027617345
1168507071348613210
1168544430509277254
1169300825248641024
1170226545013567552
1170379666742325375
1170666421697658921
1171832757744324618
1171833981503807562
1171895471292297290
1172104511280652289
1172228249653366794
1172906518484627476
1172908289516900403
1173639274126647337
1173730721949560928
1173752261617397824
1174011098945552440
1174658913359110150
1174812407508508713
1175169893642031148
1176019116260331540
1176207311145025629
1176276978366693518
1176480255846907975
1176835671982362725
1177235842490712156
1177315093722181724
1177322256725188760
1177350380309446778
1177412032656580609
1177494975735418940
1177530140343930944
1177633751455502336
1177725951703011472
1177951660031619093
1177985618643533969
1178284786222104579
1178451770448556040
1178749830638600334
1179553163729178706
1179661191342202964
1179879222798459022
1179932057225400423
1180036090623696917
1180091454115295344
1180956997248635090